ssh://lifeng@10.199.130.196:22/home/lifeng/anaconda3/envs/defectnet/bin/python3 -u /home/lifeng/.pycharm_helpers/pydev/pydevd.py --multiproc --qt-support=auto --client 0.0.0.0 --port 42643 --file /home/lifeng/undone-work/DefectNet/tools/extends/analysis/get_model_parameters.py
pydev debugger: process 2835225 is connecting

Connected to pydev debugger (build 191.7141.48)
{'Total': {'bk': 23561205, 'sub': 45683784, 'dfn': 4098}, 'Trainable': {'bk': 0, 'sub': 0, 'dfn': 0}}
[MAdd]: AdaptiveAvgPool2d is not supported!
[Flops]: AdaptiveAvgPool2d is not supported!
[Memory]: AdaptiveAvgPool2d is not supported!
predict result is 0
                             module name   input shape  output shape      params memory(MB)               MAdd             Flops  MemRead(B)  MemWrite(B) duration[%]     MemR+W(B)
0                         backbone.conv1    3 576 1344    64 288 672      9408.0      47.25    3,629,187,072.0   1,820,786,688.0   9289728.0   49545216.0       9.51%  5.883494e+07
1                           backbone.bn1    64 288 672    64 288 672       128.0      47.25       49,545,216.0      24,772,608.0  49545728.0   49545216.0       0.97%  9.909094e+07
2                          backbone.relu    64 288 672    64 288 672         0.0      47.25       12,386,304.0      12,386,304.0  49545216.0   49545216.0       0.57%  9.909043e+07
3                       backbone.maxpool    64 288 672    64 144 336         0.0      11.81       24,772,608.0      12,386,304.0  49545216.0   12386304.0       0.71%  6.193152e+07
4                backbone.layer1.0.conv1    64 144 336    64 144 336      4096.0      11.81      393,265,152.0     198,180,864.0  12386304.0   12386304.0       0.66%  2.477261e+07
5                  backbone.layer1.0.bn1    64 144 336    64 144 336       128.0      11.81       12,386,304.0       6,193,152.0  12386816.0   12386304.0       0.53%  2.477312e+07
6                backbone.layer1.0.conv2    64 144 336    64 144 336     36864.0      11.81    3,564,158,976.0   1,783,627,776.0  12386304.0   12386304.0       0.84%  2.477261e+07
7                  backbone.layer1.0.bn2    64 144 336    64 144 336       128.0      11.81       12,386,304.0       6,193,152.0  12386816.0   12386304.0       0.53%  2.477312e+07
8                backbone.layer1.0.conv3    64 144 336   256 144 336     16384.0      47.25    1,573,060,608.0     792,723,456.0  12386304.0   49545216.0       0.62%  6.193152e+07
9                  backbone.layer1.0.bn3   256 144 336   256 144 336       512.0      47.25       49,545,216.0      24,772,608.0  49547264.0   49545216.0       0.58%  9.909248e+07
10                backbone.layer1.0.relu   256 144 336   256 144 336         0.0      47.25       12,386,304.0      12,386,304.0  49545216.0   49545216.0       0.30%  9.909043e+07
11        backbone.layer1.0.downsample.0    64 144 336   256 144 336     16384.0      47.25    1,573,060,608.0     792,723,456.0  12386304.0   49545216.0       0.57%  6.193152e+07
12        backbone.layer1.0.downsample.1   256 144 336   256 144 336       512.0      47.25       49,545,216.0      24,772,608.0  49547264.0   49545216.0       0.56%  9.909248e+07
13               backbone.layer1.1.conv1   256 144 336    64 144 336     16384.0      11.81    1,582,350,336.0     792,723,456.0  49545216.0   12386304.0       0.66%  6.193152e+07
14                 backbone.layer1.1.bn1    64 144 336    64 144 336       128.0      11.81       12,386,304.0       6,193,152.0  12386816.0   12386304.0       0.55%  2.477312e+07
15               backbone.layer1.1.conv2    64 144 336    64 144 336     36864.0      11.81    3,564,158,976.0   1,783,627,776.0  12386304.0   12386304.0       0.57%  2.477261e+07
16                 backbone.layer1.1.bn2    64 144 336    64 144 336       128.0      11.81       12,386,304.0       6,193,152.0  12386816.0   12386304.0       0.51%  2.477312e+07
17               backbone.layer1.1.conv3    64 144 336   256 144 336     16384.0      47.25    1,573,060,608.0     792,723,456.0  12386304.0   49545216.0       0.56%  6.193152e+07
18                 backbone.layer1.1.bn3   256 144 336   256 144 336       512.0      47.25       49,545,216.0      24,772,608.0  49547264.0   49545216.0       0.55%  9.909248e+07
19                backbone.layer1.1.relu   256 144 336   256 144 336         0.0      47.25       12,386,304.0      12,386,304.0  49545216.0   49545216.0       0.28%  9.909043e+07
20               backbone.layer1.2.conv1   256 144 336    64 144 336     16384.0      11.81    1,582,350,336.0     792,723,456.0  49545216.0   12386304.0       0.61%  6.193152e+07
21                 backbone.layer1.2.bn1    64 144 336    64 144 336       128.0      11.81       12,386,304.0       6,193,152.0  12386816.0   12386304.0       0.51%  2.477312e+07
22               backbone.layer1.2.conv2    64 144 336    64 144 336     36864.0      11.81    3,564,158,976.0   1,783,627,776.0  12386304.0   12386304.0       0.57%  2.477261e+07
23                 backbone.layer1.2.bn2    64 144 336    64 144 336       128.0      11.81       12,386,304.0       6,193,152.0  12386816.0   12386304.0       0.50%  2.477312e+07
24               backbone.layer1.2.conv3    64 144 336   256 144 336     16384.0      47.25    1,573,060,608.0     792,723,456.0  12386304.0   49545216.0       0.54%  6.193152e+07
25                 backbone.layer1.2.bn3   256 144 336   256 144 336       512.0      47.25       49,545,216.0      24,772,608.0  49547264.0   49545216.0       0.56%  9.909248e+07
26                backbone.layer1.2.relu   256 144 336   256 144 336         0.0      47.25       12,386,304.0      12,386,304.0  49545216.0   49545216.0       0.29%  9.909043e+07
27               backbone.layer2.0.conv1   256 144 336   128 144 336     32768.0      23.62    3,164,700,672.0   1,585,446,912.0  49676288.0   24772608.0       0.72%  7.444890e+07
28                 backbone.layer2.0.bn1   128 144 336   128 144 336       256.0      23.62       24,772,608.0      12,386,304.0  24773632.0   24772608.0       0.57%  4.954624e+07
29               backbone.layer2.0.conv2   128 144 336   128  72 168    147456.0       5.91    3,565,707,264.0   1,783,627,776.0  25362432.0    6193152.0       0.73%  3.155558e+07
30                 backbone.layer2.0.bn2   128  72 168   128  72 168       256.0       5.91        6,193,152.0       3,096,576.0   6194176.0    6193152.0       0.60%  1.238733e+07
31               backbone.layer2.0.conv3   128  72 168   512  72 168     65536.0      23.62    1,579,253,760.0     792,723,456.0   6455296.0   24772608.0       0.64%  3.122790e+07
32                 backbone.layer2.0.bn3   512  72 168   512  72 168      1024.0      23.62       24,772,608.0      12,386,304.0  24776704.0   24772608.0       0.59%  4.954931e+07
33                backbone.layer2.0.relu   512  72 168   512  72 168         0.0      23.62        6,193,152.0       6,193,152.0  24772608.0   24772608.0       0.32%  4.954522e+07
34        backbone.layer2.0.downsample.0   256 144 336   512  72 168    131072.0      23.62    3,164,700,672.0   1,585,446,912.0  50069504.0   24772608.0       1.64%  7.484211e+07
35        backbone.layer2.0.downsample.1   512  72 168   512  72 168      1024.0      23.62       24,772,608.0      12,386,304.0  24776704.0   24772608.0       1.40%  4.954931e+07
36               backbone.layer2.1.conv1   512  72 168   128  72 168     65536.0       5.91    1,583,898,624.0     792,723,456.0  25034752.0    6193152.0       0.66%  3.122790e+07
37                 backbone.layer2.1.bn1   128  72 168   128  72 168       256.0       5.91        6,193,152.0       3,096,576.0   6194176.0    6193152.0       0.56%  1.238733e+07
38               backbone.layer2.1.conv2   128  72 168   128  72 168    147456.0       5.91    3,565,707,264.0   1,783,627,776.0   6782976.0    6193152.0       0.67%  1.297613e+07
39                 backbone.layer2.1.bn2   128  72 168   128  72 168       256.0       5.91        6,193,152.0       3,096,576.0   6194176.0    6193152.0       0.55%  1.238733e+07
40               backbone.layer2.1.conv3   128  72 168   512  72 168     65536.0      23.62    1,579,253,760.0     792,723,456.0   6455296.0   24772608.0       0.58%  3.122790e+07
41                 backbone.layer2.1.bn3   512  72 168   512  72 168      1024.0      23.62       24,772,608.0      12,386,304.0  24776704.0   24772608.0       1.44%  4.954931e+07
42                backbone.layer2.1.relu   512  72 168   512  72 168         0.0      23.62        6,193,152.0       6,193,152.0  24772608.0   24772608.0       0.30%  4.954522e+07
43               backbone.layer2.2.conv1   512  72 168   128  72 168     65536.0       5.91    1,583,898,624.0     792,723,456.0  25034752.0    6193152.0       0.63%  3.122790e+07
44                 backbone.layer2.2.bn1   128  72 168   128  72 168       256.0       5.91        6,193,152.0       3,096,576.0   6194176.0    6193152.0       0.56%  1.238733e+07
45               backbone.layer2.2.conv2   128  72 168   128  72 168    147456.0       5.91    3,565,707,264.0   1,783,627,776.0   6782976.0    6193152.0       0.58%  1.297613e+07
46                 backbone.layer2.2.bn2   128  72 168   128  72 168       256.0       5.91        6,193,152.0       3,096,576.0   6194176.0    6193152.0       0.55%  1.238733e+07
47               backbone.layer2.2.conv3   128  72 168   512  72 168     65536.0      23.62    1,579,253,760.0     792,723,456.0   6455296.0   24772608.0       1.43%  3.122790e+07
48                 backbone.layer2.2.bn3   512  72 168   512  72 168      1024.0      23.62       24,772,608.0      12,386,304.0  24776704.0   24772608.0       1.37%  4.954931e+07
49                backbone.layer2.2.relu   512  72 168   512  72 168         0.0      23.62        6,193,152.0       6,193,152.0  24772608.0   24772608.0       0.30%  4.954522e+07
50               backbone.layer2.3.conv1   512  72 168   128  72 168     65536.0       5.91    1,583,898,624.0     792,723,456.0  25034752.0    6193152.0       0.60%  3.122790e+07
51                 backbone.layer2.3.bn1   128  72 168   128  72 168       256.0       5.91        6,193,152.0       3,096,576.0   6194176.0    6193152.0       0.56%  1.238733e+07
52               backbone.layer2.3.conv2   128  72 168   128  72 168    147456.0       5.91    3,565,707,264.0   1,783,627,776.0   6782976.0    6193152.0       0.59%  1.297613e+07
53                 backbone.layer2.3.bn2   128  72 168   128  72 168       256.0       5.91        6,193,152.0       3,096,576.0   6194176.0    6193152.0       0.56%  1.238733e+07
54               backbone.layer2.3.conv3   128  72 168   512  72 168     65536.0      23.62    1,579,253,760.0     792,723,456.0   6455296.0   24772608.0       1.48%  3.122790e+07
55                 backbone.layer2.3.bn3   512  72 168   512  72 168      1024.0      23.62       24,772,608.0      12,386,304.0  24776704.0   24772608.0       1.50%  4.954931e+07
56                backbone.layer2.3.relu   512  72 168   512  72 168         0.0      23.62        6,193,152.0       6,193,152.0  24772608.0   24772608.0       0.33%  4.954522e+07
57               backbone.layer3.0.conv1   512  72 168   256  72 168    131072.0      11.81    3,167,797,248.0   1,585,446,912.0  25296896.0   12386304.0       0.71%  3.768320e+07
58                 backbone.layer3.0.bn1   256  72 168   256  72 168       512.0      11.81       12,386,304.0       6,193,152.0  12388352.0   12386304.0       1.33%  2.477466e+07
59               backbone.layer3.0.conv2   256  72 168   256  36  84    589824.0       2.95    3,566,481,408.0   1,783,627,776.0  14745600.0    3096576.0       0.69%  1.784218e+07
60                 backbone.layer3.0.bn2   256  36  84   256  36  84       512.0       2.95        3,096,576.0       1,548,288.0   3098624.0    3096576.0       0.52%  6.195200e+06
61               backbone.layer3.0.conv3   256  36  84  1024  36  84    262144.0      11.81    1,582,350,336.0     792,723,456.0   4145152.0   12386304.0       1.29%  1.653146e+07
62                 backbone.layer3.0.bn3  1024  36  84  1024  36  84      2048.0      11.81       12,386,304.0       6,193,152.0  12394496.0   12386304.0       1.23%  2.478080e+07
63                backbone.layer3.0.relu  1024  36  84  1024  36  84         0.0      11.81        3,096,576.0       3,096,576.0  12386304.0   12386304.0       0.30%  2.477261e+07
64        backbone.layer3.0.downsample.0   512  72 168  1024  36  84    524288.0      11.81    3,167,797,248.0   1,585,446,912.0  26869760.0   12386304.0       1.31%  3.925606e+07
65        backbone.layer3.0.downsample.1  1024  36  84  1024  36  84      2048.0      11.81       12,386,304.0       6,193,152.0  12394496.0   12386304.0       1.21%  2.478080e+07
66               backbone.layer3.1.conv1  1024  36  84   256  36  84    262144.0       2.95    1,584,672,768.0     792,723,456.0  13434880.0    3096576.0       0.66%  1.653146e+07
67                 backbone.layer3.1.bn1   256  36  84   256  36  84       512.0       2.95        3,096,576.0       1,548,288.0   3098624.0    3096576.0       0.51%  6.195200e+06
68               backbone.layer3.1.conv2   256  36  84   256  36  84    589824.0       2.95    3,566,481,408.0   1,783,627,776.0   5455872.0    3096576.0       0.62%  8.552448e+06
69                 backbone.layer3.1.bn2   256  36  84   256  36  84       512.0       2.95        3,096,576.0       1,548,288.0   3098624.0    3096576.0       0.49%  6.195200e+06
70               backbone.layer3.1.conv3   256  36  84  1024  36  84    262144.0      11.81    1,582,350,336.0     792,723,456.0   4145152.0   12386304.0       1.18%  1.653146e+07
71                 backbone.layer3.1.bn3  1024  36  84  1024  36  84      2048.0      11.81       12,386,304.0       6,193,152.0  12394496.0   12386304.0       1.29%  2.478080e+07
72                backbone.layer3.1.relu  1024  36  84  1024  36  84         0.0      11.81        3,096,576.0       3,096,576.0  12386304.0   12386304.0       0.28%  2.477261e+07
73               backbone.layer3.2.conv1  1024  36  84   256  36  84    262144.0       2.95    1,584,672,768.0     792,723,456.0  13434880.0    3096576.0       0.57%  1.653146e+07
74                 backbone.layer3.2.bn1   256  36  84   256  36  84       512.0       2.95        3,096,576.0       1,548,288.0   3098624.0    3096576.0       0.50%  6.195200e+06
75               backbone.layer3.2.conv2   256  36  84   256  36  84    589824.0       2.95    3,566,481,408.0   1,783,627,776.0   5455872.0    3096576.0       1.38%  8.552448e+06
76                 backbone.layer3.2.bn2   256  36  84   256  36  84       512.0       2.95        3,096,576.0       1,548,288.0   3098624.0    3096576.0       0.49%  6.195200e+06
77               backbone.layer3.2.conv3   256  36  84  1024  36  84    262144.0      11.81    1,582,350,336.0     792,723,456.0   4145152.0   12386304.0       0.54%  1.653146e+07
78                 backbone.layer3.2.bn3  1024  36  84  1024  36  84      2048.0      11.81       12,386,304.0       6,193,152.0  12394496.0   12386304.0       1.21%  2.478080e+07
79                backbone.layer3.2.relu  1024  36  84  1024  36  84         0.0      11.81        3,096,576.0       3,096,576.0  12386304.0   12386304.0       0.30%  2.477261e+07
80               backbone.layer3.3.conv1  1024  36  84   256  36  84    262144.0       2.95    1,584,672,768.0     792,723,456.0  13434880.0    3096576.0       1.38%  1.653146e+07
81                 backbone.layer3.3.bn1   256  36  84   256  36  84       512.0       2.95        3,096,576.0       1,548,288.0   3098624.0    3096576.0       0.51%  6.195200e+06
82               backbone.layer3.3.conv2   256  36  84   256  36  84    589824.0       2.95    3,566,481,408.0   1,783,627,776.0   5455872.0    3096576.0       0.53%  8.552448e+06
83                 backbone.layer3.3.bn2   256  36  84   256  36  84       512.0       2.95        3,096,576.0       1,548,288.0   3098624.0    3096576.0       0.49%  6.195200e+06
84               backbone.layer3.3.conv3   256  36  84  1024  36  84    262144.0      11.81    1,582,350,336.0     792,723,456.0   4145152.0   12386304.0       1.20%  1.653146e+07
85                 backbone.layer3.3.bn3  1024  36  84  1024  36  84      2048.0      11.81       12,386,304.0       6,193,152.0  12394496.0   12386304.0       1.26%  2.478080e+07
86                backbone.layer3.3.relu  1024  36  84  1024  36  84         0.0      11.81        3,096,576.0       3,096,576.0  12386304.0   12386304.0       0.29%  2.477261e+07
87               backbone.layer3.4.conv1  1024  36  84   256  36  84    262144.0       2.95    1,584,672,768.0     792,723,456.0  13434880.0    3096576.0       0.56%  1.653146e+07
88                 backbone.layer3.4.bn1   256  36  84   256  36  84       512.0       2.95        3,096,576.0       1,548,288.0   3098624.0    3096576.0       0.50%  6.195200e+06
89               backbone.layer3.4.conv2   256  36  84   256  36  84    589824.0       2.95    3,566,481,408.0   1,783,627,776.0   5455872.0    3096576.0       1.36%  8.552448e+06
90                 backbone.layer3.4.bn2   256  36  84   256  36  84       512.0       2.95        3,096,576.0       1,548,288.0   3098624.0    3096576.0       0.49%  6.195200e+06
91               backbone.layer3.4.conv3   256  36  84  1024  36  84    262144.0      11.81    1,582,350,336.0     792,723,456.0   4145152.0   12386304.0       0.52%  1.653146e+07
92                 backbone.layer3.4.bn3  1024  36  84  1024  36  84      2048.0      11.81       12,386,304.0       6,193,152.0  12394496.0   12386304.0       1.21%  2.478080e+07
93                backbone.layer3.4.relu  1024  36  84  1024  36  84         0.0      11.81        3,096,576.0       3,096,576.0  12386304.0   12386304.0       0.30%  2.477261e+07
94               backbone.layer3.5.conv1  1024  36  84   256  36  84    262144.0       2.95    1,584,672,768.0     792,723,456.0  13434880.0    3096576.0       1.34%  1.653146e+07
95                 backbone.layer3.5.bn1   256  36  84   256  36  84       512.0       2.95        3,096,576.0       1,548,288.0   3098624.0    3096576.0       0.50%  6.195200e+06
96               backbone.layer3.5.conv2   256  36  84   256  36  84    589824.0       2.95    3,566,481,408.0   1,783,627,776.0   5455872.0    3096576.0       0.53%  8.552448e+06
97                 backbone.layer3.5.bn2   256  36  84   256  36  84       512.0       2.95        3,096,576.0       1,548,288.0   3098624.0    3096576.0       0.49%  6.195200e+06
98               backbone.layer3.5.conv3   256  36  84  1024  36  84    262144.0      11.81    1,582,350,336.0     792,723,456.0   4145152.0   12386304.0       1.17%  1.653146e+07
99                 backbone.layer3.5.bn3  1024  36  84  1024  36  84      2048.0      11.81       12,386,304.0       6,193,152.0  12394496.0   12386304.0       1.21%  2.478080e+07
100               backbone.layer3.5.relu  1024  36  84  1024  36  84         0.0      11.81        3,096,576.0       3,096,576.0  12386304.0   12386304.0       0.30%  2.477261e+07
101              backbone.layer4.0.conv1  1024  36  84   512  36  84    524288.0       5.91    3,169,345,536.0   1,585,446,912.0  14483456.0    6193152.0       0.64%  2.067661e+07
102                backbone.layer4.0.bn1   512  36  84   512  36  84      1024.0       5.91        6,193,152.0       3,096,576.0   6197248.0    6193152.0       1.37%  1.239040e+07
103              backbone.layer4.0.conv2   512  36  84   512  18  42   2359296.0       1.48    3,566,868,480.0   1,783,627,776.0  15630336.0    1548288.0       0.64%  1.717862e+07
104                backbone.layer4.0.bn2   512  18  42   512  18  42      1024.0       1.48        1,548,288.0         774,144.0   1552384.0    1548288.0       0.48%  3.100672e+06
105              backbone.layer4.0.conv3   512  18  42  2048  18  42   1048576.0       5.91    1,583,898,624.0     792,723,456.0   5742592.0    6193152.0       0.55%  1.193574e+07
106                backbone.layer4.0.bn3  2048  18  42  2048  18  42      4096.0       5.91        6,193,152.0       3,096,576.0   6209536.0    6193152.0       0.55%  1.240269e+07
107               backbone.layer4.0.relu  2048  18  42  2048  18  42         0.0       5.91        1,548,288.0       1,548,288.0   6193152.0    6193152.0       0.28%  1.238630e+07
108       backbone.layer4.0.downsample.0  1024  36  84  2048  18  42   2097152.0       5.91    3,169,345,536.0   1,585,446,912.0  20774912.0    6193152.0       1.49%  2.696806e+07
109       backbone.layer4.0.downsample.1  2048  18  42  2048  18  42      4096.0       5.91        6,193,152.0       3,096,576.0   6209536.0    6193152.0       0.55%  1.240269e+07
110              backbone.layer4.1.conv1  2048  18  42   512  18  42   1048576.0       1.48    1,585,059,840.0     792,723,456.0  10387456.0    1548288.0       0.63%  1.193574e+07
111                backbone.layer4.1.bn1   512  18  42   512  18  42      1024.0       1.48        1,548,288.0         774,144.0   1552384.0    1548288.0       0.48%  3.100672e+06
112              backbone.layer4.1.conv2   512  18  42   512  18  42   2359296.0       1.48    3,566,868,480.0   1,783,627,776.0  10985472.0    1548288.0       1.38%  1.253376e+07
113                backbone.layer4.1.bn2   512  18  42   512  18  42      1024.0       1.48        1,548,288.0         774,144.0   1552384.0    1548288.0       0.46%  3.100672e+06
114              backbone.layer4.1.conv3   512  18  42  2048  18  42   1048576.0       5.91    1,583,898,624.0     792,723,456.0   5742592.0    6193152.0       0.44%  1.193574e+07
115                backbone.layer4.1.bn3  2048  18  42  2048  18  42      4096.0       5.91        6,193,152.0       3,096,576.0   6209536.0    6193152.0       0.54%  1.240269e+07
116               backbone.layer4.1.relu  2048  18  42  2048  18  42         0.0       5.91        1,548,288.0       1,548,288.0   6193152.0    6193152.0       0.27%  1.238630e+07
117              backbone.layer4.2.conv1  2048  18  42   512  18  42   1048576.0       1.48    1,585,059,840.0     792,723,456.0  10387456.0    1548288.0       0.54%  1.193574e+07
118                backbone.layer4.2.bn1   512  18  42   512  18  42      1024.0       1.48        1,548,288.0         774,144.0   1552384.0    1548288.0       0.47%  3.100672e+06
119              backbone.layer4.2.conv2   512  18  42   512  18  42   2359296.0       1.48    3,566,868,480.0   1,783,627,776.0  10985472.0    1548288.0       0.49%  1.253376e+07
120                backbone.layer4.2.bn2   512  18  42   512  18  42      1024.0       1.48        1,548,288.0         774,144.0   1552384.0    1548288.0       0.46%  3.100672e+06
121              backbone.layer4.2.conv3   512  18  42  2048  18  42   1048576.0       5.91    1,583,898,624.0     792,723,456.0   5742592.0    6193152.0       0.44%  1.193574e+07
122                backbone.layer4.2.bn3  2048  18  42  2048  18  42      4096.0       5.91        6,193,152.0       3,096,576.0   6209536.0    6193152.0       0.53%  1.240269e+07
123               backbone.layer4.2.relu  2048  18  42  2048  18  42         0.0       5.91        1,548,288.0       1,548,288.0   6193152.0    6193152.0       0.27%  1.238630e+07
124                     backbone.avgpool  2048  18  42  2048   1   1         0.0       0.01                0.0               0.0         0.0          0.0       0.75%  0.000000e+00
125                          backbone.fc          2048             2      4098.0       0.00            8,190.0           4,096.0     24584.0          8.0       3.30%  2.459200e+04
126                    backbone.loss_fun     0   0   0     0   0   0         0.0       0.00                0.0               0.0         0.0          0.0       0.00%  0.000000e+00
127            neck.lateral_convs.0.conv     0   0   0     0   0   0         0.0       0.00                0.0               0.0         0.0          0.0       0.00%  0.000000e+00
128            neck.lateral_convs.1.conv     0   0   0     0   0   0         0.0       0.00                0.0               0.0         0.0          0.0       0.00%  0.000000e+00
129            neck.lateral_convs.2.conv     0   0   0     0   0   0         0.0       0.00                0.0               0.0         0.0          0.0       0.00%  0.000000e+00
130            neck.lateral_convs.3.conv     0   0   0     0   0   0         0.0       0.00                0.0               0.0         0.0          0.0       0.00%  0.000000e+00
131                neck.fpn_convs.0.conv     0   0   0     0   0   0         0.0       0.00                0.0               0.0         0.0          0.0       0.00%  0.000000e+00
132                neck.fpn_convs.1.conv     0   0   0     0   0   0         0.0       0.00                0.0               0.0         0.0          0.0       0.00%  0.000000e+00
133                neck.fpn_convs.2.conv     0   0   0     0   0   0         0.0       0.00                0.0               0.0         0.0          0.0       0.00%  0.000000e+00
134                neck.fpn_convs.3.conv     0   0   0     0   0   0         0.0       0.00                0.0               0.0         0.0          0.0       0.00%  0.000000e+00
135                    rpn_head.loss_cls     0   0   0     0   0   0         0.0       0.00                0.0               0.0         0.0          0.0       0.00%  0.000000e+00
136                   rpn_head.loss_bbox     0   0   0     0   0   0         0.0       0.00                0.0               0.0         0.0          0.0       0.00%  0.000000e+00
137                    rpn_head.rpn_conv     0   0   0     0   0   0         0.0       0.00                0.0               0.0         0.0          0.0       0.00%  0.000000e+00
138                     rpn_head.rpn_cls     0   0   0     0   0   0         0.0       0.00                0.0               0.0         0.0          0.0       0.00%  0.000000e+00
139                     rpn_head.rpn_reg     0   0   0     0   0   0         0.0       0.00                0.0               0.0         0.0          0.0       0.00%  0.000000e+00
140    bbox_roi_extractor.0.roi_layers.0     0   0   0     0   0   0         0.0       0.00                0.0               0.0         0.0          0.0       0.00%  0.000000e+00
141    bbox_roi_extractor.0.roi_layers.1     0   0   0     0   0   0         0.0       0.00                0.0               0.0         0.0          0.0       0.00%  0.000000e+00
142    bbox_roi_extractor.0.roi_layers.2     0   0   0     0   0   0         0.0       0.00                0.0               0.0         0.0          0.0       0.00%  0.000000e+00
143    bbox_roi_extractor.0.roi_layers.3     0   0   0     0   0   0         0.0       0.00                0.0               0.0         0.0          0.0       0.00%  0.000000e+00
144    bbox_roi_extractor.1.roi_layers.0     0   0   0     0   0   0         0.0       0.00                0.0               0.0         0.0          0.0       0.00%  0.000000e+00
145    bbox_roi_extractor.1.roi_layers.1     0   0   0     0   0   0         0.0       0.00                0.0               0.0         0.0          0.0       0.00%  0.000000e+00
146    bbox_roi_extractor.1.roi_layers.2     0   0   0     0   0   0         0.0       0.00                0.0               0.0         0.0          0.0       0.00%  0.000000e+00
147    bbox_roi_extractor.1.roi_layers.3     0   0   0     0   0   0         0.0       0.00                0.0               0.0         0.0          0.0       0.00%  0.000000e+00
148    bbox_roi_extractor.2.roi_layers.0     0   0   0     0   0   0         0.0       0.00                0.0               0.0         0.0          0.0       0.00%  0.000000e+00
149    bbox_roi_extractor.2.roi_layers.1     0   0   0     0   0   0         0.0       0.00                0.0               0.0         0.0          0.0       0.00%  0.000000e+00
150    bbox_roi_extractor.2.roi_layers.2     0   0   0     0   0   0         0.0       0.00                0.0               0.0         0.0          0.0       0.00%  0.000000e+00
151    bbox_roi_extractor.2.roi_layers.3     0   0   0     0   0   0         0.0       0.00                0.0               0.0         0.0          0.0       0.00%  0.000000e+00
152                 bbox_head.0.loss_cls     0   0   0     0   0   0         0.0       0.00                0.0               0.0         0.0          0.0       0.00%  0.000000e+00
153                bbox_head.0.loss_bbox     0   0   0     0   0   0         0.0       0.00                0.0               0.0         0.0          0.0       0.00%  0.000000e+00
154                   bbox_head.0.fc_cls     0   0   0     0   0   0         0.0       0.00                0.0               0.0         0.0          0.0       0.00%  0.000000e+00
155                   bbox_head.0.fc_reg     0   0   0     0   0   0         0.0       0.00                0.0               0.0         0.0          0.0       0.00%  0.000000e+00
156             bbox_head.0.shared_convs     0   0   0     0   0   0         0.0       0.00                0.0               0.0         0.0          0.0       0.00%  0.000000e+00
157             bbox_head.0.shared_fcs.0     0   0   0     0   0   0         0.0       0.00                0.0               0.0         0.0          0.0       0.00%  0.000000e+00
158             bbox_head.0.shared_fcs.1     0   0   0     0   0   0         0.0       0.00                0.0               0.0         0.0          0.0       0.00%  0.000000e+00
159                bbox_head.0.cls_convs     0   0   0     0   0   0         0.0       0.00                0.0               0.0         0.0          0.0       0.00%  0.000000e+00
160                  bbox_head.0.cls_fcs     0   0   0     0   0   0         0.0       0.00                0.0               0.0         0.0          0.0       0.00%  0.000000e+00
161                bbox_head.0.reg_convs     0   0   0     0   0   0         0.0       0.00                0.0               0.0         0.0          0.0       0.00%  0.000000e+00
162                  bbox_head.0.reg_fcs     0   0   0     0   0   0         0.0       0.00                0.0               0.0         0.0          0.0       0.00%  0.000000e+00
163                     bbox_head.0.relu     0   0   0     0   0   0         0.0       0.00                0.0               0.0         0.0          0.0       0.00%  0.000000e+00
164                 bbox_head.1.loss_cls     0   0   0     0   0   0         0.0       0.00                0.0               0.0         0.0          0.0       0.00%  0.000000e+00
165                bbox_head.1.loss_bbox     0   0   0     0   0   0         0.0       0.00                0.0               0.0         0.0          0.0       0.00%  0.000000e+00
166                   bbox_head.1.fc_cls     0   0   0     0   0   0         0.0       0.00                0.0               0.0         0.0          0.0       0.00%  0.000000e+00
167                   bbox_head.1.fc_reg     0   0   0     0   0   0         0.0       0.00                0.0               0.0         0.0          0.0       0.00%  0.000000e+00
168             bbox_head.1.shared_convs     0   0   0     0   0   0         0.0       0.00                0.0               0.0         0.0          0.0       0.00%  0.000000e+00
169             bbox_head.1.shared_fcs.0     0   0   0     0   0   0         0.0       0.00                0.0               0.0         0.0          0.0       0.00%  0.000000e+00
170             bbox_head.1.shared_fcs.1     0   0   0     0   0   0         0.0       0.00                0.0               0.0         0.0          0.0       0.00%  0.000000e+00
171                bbox_head.1.cls_convs     0   0   0     0   0   0         0.0       0.00                0.0               0.0         0.0          0.0       0.00%  0.000000e+00
172                  bbox_head.1.cls_fcs     0   0   0     0   0   0         0.0       0.00                0.0               0.0         0.0          0.0       0.00%  0.000000e+00
173                bbox_head.1.reg_convs     0   0   0     0   0   0         0.0       0.00                0.0               0.0         0.0          0.0       0.00%  0.000000e+00
174                  bbox_head.1.reg_fcs     0   0   0     0   0   0         0.0       0.00                0.0               0.0         0.0          0.0       0.00%  0.000000e+00
175                     bbox_head.1.relu     0   0   0     0   0   0         0.0       0.00                0.0               0.0         0.0          0.0       0.00%  0.000000e+00
176                 bbox_head.2.loss_cls     0   0   0     0   0   0         0.0       0.00                0.0               0.0         0.0          0.0       0.00%  0.000000e+00
177                bbox_head.2.loss_bbox     0   0   0     0   0   0         0.0       0.00                0.0               0.0         0.0          0.0       0.00%  0.000000e+00
178                   bbox_head.2.fc_cls     0   0   0     0   0   0         0.0       0.00                0.0               0.0         0.0          0.0       0.00%  0.000000e+00
179                   bbox_head.2.fc_reg     0   0   0     0   0   0         0.0       0.00                0.0               0.0         0.0          0.0       0.00%  0.000000e+00
180             bbox_head.2.shared_convs     0   0   0     0   0   0         0.0       0.00                0.0               0.0         0.0          0.0       0.00%  0.000000e+00
181             bbox_head.2.shared_fcs.0     0   0   0     0   0   0         0.0       0.00                0.0               0.0         0.0          0.0       0.00%  0.000000e+00
182             bbox_head.2.shared_fcs.1     0   0   0     0   0   0         0.0       0.00                0.0               0.0         0.0          0.0       0.00%  0.000000e+00
183                bbox_head.2.cls_convs     0   0   0     0   0   0         0.0       0.00                0.0               0.0         0.0          0.0       0.00%  0.000000e+00
184                  bbox_head.2.cls_fcs     0   0   0     0   0   0         0.0       0.00                0.0               0.0         0.0          0.0       0.00%  0.000000e+00
185                bbox_head.2.reg_convs     0   0   0     0   0   0         0.0       0.00                0.0               0.0         0.0          0.0       0.00%  0.000000e+00
186                  bbox_head.2.reg_fcs     0   0   0     0   0   0         0.0       0.00                0.0               0.0         0.0          0.0       0.00%  0.000000e+00
187                     bbox_head.2.relu     0   0   0     0   0   0         0.0       0.00                0.0               0.0         0.0          0.0       0.00%  0.000000e+00
total                                                                 23512130.0    1692.15  126,754,088,958.0  63,511,552,000.0         0.0          0.0     100.00%  3.651133e+09
===================================================================================================================================================================================
Total params: 23,512,130
-----------------------------------------------------------------------------------------------------------------------------------------------------------------------------------
Total memory: 1692.15MB
Total MAdd: 126.75GMAdd
Total Flops: 63.51GFlops
Total MemR+W: 3.4GB

[MAdd]: AdaptiveAvgPool2d is not supported!
[Flops]: AdaptiveAvgPool2d is not supported!
[Memory]: AdaptiveAvgPool2d is not supported!
[MAdd]: AdaptiveAvgPool2d is not supported!
[Flops]: AdaptiveAvgPool2d is not supported!
[Memory]: AdaptiveAvgPool2d is not supported!
[MAdd]: RoIAlign is not supported!
[Flops]: RoIAlign is not supported!
[Memory]: RoIAlign is not supported!
[MAdd]: RoIAlign is not supported!
[Flops]: RoIAlign is not supported!
[Memory]: RoIAlign is not supported!
[MAdd]: RoIAlign is not supported!
[Flops]: RoIAlign is not supported!
[Memory]: RoIAlign is not supported!
[MAdd]: RoIAlign is not supported!
[Flops]: RoIAlign is not supported!
[Memory]: RoIAlign is not supported!
[MAdd]: RoIAlign is not supported!
[Flops]: RoIAlign is not supported!
[Memory]: RoIAlign is not supported!
[MAdd]: RoIAlign is not supported!
[Flops]: RoIAlign is not supported!
[Memory]: RoIAlign is not supported!
[MAdd]: RoIAlign is not supported!
[Flops]: RoIAlign is not supported!
[Memory]: RoIAlign is not supported!
[MAdd]: RoIAlign is not supported!
[Flops]: RoIAlign is not supported!
[Memory]: RoIAlign is not supported!
[MAdd]: RoIAlign is not supported!
[Flops]: RoIAlign is not supported!
[Memory]: RoIAlign is not supported!
[MAdd]: RoIAlign is not supported!
[Flops]: RoIAlign is not supported!
[Memory]: RoIAlign is not supported!
[MAdd]: RoIAlign is not supported!
[Flops]: RoIAlign is not supported!
[Memory]: RoIAlign is not supported!
[MAdd]: RoIAlign is not supported!
[Flops]: RoIAlign is not supported!
[Memory]: RoIAlign is not supported!
[MAdd]: RoIAlign is not supported!
[Flops]: RoIAlign is not supported!
[Memory]: RoIAlign is not supported!
[MAdd]: RoIAlign is not supported!
[Flops]: RoIAlign is not supported!
[Memory]: RoIAlign is not supported!
[MAdd]: RoIAlign is not supported!
[Flops]: RoIAlign is not supported!
[Memory]: RoIAlign is not supported!
[MAdd]: RoIAlign is not supported!
[Flops]: RoIAlign is not supported!
[Memory]: RoIAlign is not supported!
[MAdd]: RoIAlign is not supported!
[Flops]: RoIAlign is not supported!
[Memory]: RoIAlign is not supported!
[MAdd]: RoIAlign is not supported!
[Flops]: RoIAlign is not supported!
[Memory]: RoIAlign is not supported!
[MAdd]: RoIAlign is not supported!
[Flops]: RoIAlign is not supported!
[Memory]: RoIAlign is not supported!
[MAdd]: RoIAlign is not supported!
[Flops]: RoIAlign is not supported!
[Memory]: RoIAlign is not supported!
[MAdd]: RoIAlign is not supported!
[Flops]: RoIAlign is not supported!
[Memory]: RoIAlign is not supported!
[MAdd]: RoIAlign is not supported!
[Flops]: RoIAlign is not supported!
[Memory]: RoIAlign is not supported!
[MAdd]: RoIAlign is not supported!
[Flops]: RoIAlign is not supported!
[Memory]: RoIAlign is not supported!
[MAdd]: RoIAlign is not supported!
[Flops]: RoIAlign is not supported!
[Memory]: RoIAlign is not supported!
predict result is 1
                             module name   input shape  output shape      params memory(MB)               MAdd              Flops   MemRead(B)  MemWrite(B) duration[%]     MemR+W(B)
0                         backbone.conv1    3 576 1344    64 288 672      9408.0      47.25    3,629,187,072.0    1,820,786,688.0    9289728.0   49545216.0       0.17%  5.883494e+07
1                           backbone.bn1    64 288 672    64 288 672       128.0      47.25       49,545,216.0       24,772,608.0   49545728.0   49545216.0       3.24%  9.909094e+07
2                          backbone.relu    64 288 672    64 288 672         0.0      47.25       12,386,304.0       12,386,304.0   49545216.0   49545216.0       3.64%  9.909043e+07
3                       backbone.maxpool    64 288 672    64 144 336         0.0      11.81       24,772,608.0       12,386,304.0   49545216.0   12386304.0       3.23%  6.193152e+07
4                backbone.layer1.0.conv1    64 144 336    64 144 336      4096.0      11.81      393,265,152.0      198,180,864.0   12386304.0   12386304.0       0.20%  2.477261e+07
5                  backbone.layer1.0.bn1    64 144 336    64 144 336       128.0      11.81       12,386,304.0        6,193,152.0   12386816.0   12386304.0       0.20%  2.477312e+07
6                backbone.layer1.0.conv2    64 144 336    64 144 336     36864.0      11.81    3,564,158,976.0    1,783,627,776.0   12386304.0   12386304.0       0.20%  2.477261e+07
7                  backbone.layer1.0.bn2    64 144 336    64 144 336       128.0      11.81       12,386,304.0        6,193,152.0   12386816.0   12386304.0       0.20%  2.477312e+07
8                backbone.layer1.0.conv3    64 144 336   256 144 336     16384.0      47.25    1,573,060,608.0      792,723,456.0   12386304.0   49545216.0       0.20%  6.193152e+07
9                  backbone.layer1.0.bn3   256 144 336   256 144 336       512.0      47.25       49,545,216.0       24,772,608.0   49547264.0   49545216.0       3.22%  9.909248e+07
10                backbone.layer1.0.relu   256 144 336   256 144 336         0.0      47.25       12,386,304.0       12,386,304.0   49545216.0   49545216.0       3.29%  9.909043e+07
11        backbone.layer1.0.downsample.0    64 144 336   256 144 336     16384.0      47.25    1,573,060,608.0      792,723,456.0   12386304.0   49545216.0       0.20%  6.193152e+07
12        backbone.layer1.0.downsample.1   256 144 336   256 144 336       512.0      47.25       49,545,216.0       24,772,608.0   49547264.0   49545216.0       3.23%  9.909248e+07
13               backbone.layer1.1.conv1   256 144 336    64 144 336     16384.0      11.81    1,582,350,336.0      792,723,456.0   49545216.0   12386304.0       3.22%  6.193152e+07
14                 backbone.layer1.1.bn1    64 144 336    64 144 336       128.0      11.81       12,386,304.0        6,193,152.0   12386816.0   12386304.0       0.20%  2.477312e+07
15               backbone.layer1.1.conv2    64 144 336    64 144 336     36864.0      11.81    3,564,158,976.0    1,783,627,776.0   12386304.0   12386304.0       0.20%  2.477261e+07
16                 backbone.layer1.1.bn2    64 144 336    64 144 336       128.0      11.81       12,386,304.0        6,193,152.0   12386816.0   12386304.0       0.20%  2.477312e+07
17               backbone.layer1.1.conv3    64 144 336   256 144 336     16384.0      47.25    1,573,060,608.0      792,723,456.0   12386304.0   49545216.0       0.20%  6.193152e+07
18                 backbone.layer1.1.bn3   256 144 336   256 144 336       512.0      47.25       49,545,216.0       24,772,608.0   49547264.0   49545216.0       3.22%  9.909248e+07
19                backbone.layer1.1.relu   256 144 336   256 144 336         0.0      47.25       12,386,304.0       12,386,304.0   49545216.0   49545216.0       3.21%  9.909043e+07
20               backbone.layer1.2.conv1   256 144 336    64 144 336     16384.0      11.81    1,582,350,336.0      792,723,456.0   49545216.0   12386304.0       3.22%  6.193152e+07
21                 backbone.layer1.2.bn1    64 144 336    64 144 336       128.0      11.81       12,386,304.0        6,193,152.0   12386816.0   12386304.0       0.27%  2.477312e+07
22               backbone.layer1.2.conv2    64 144 336    64 144 336     36864.0      11.81    3,564,158,976.0    1,783,627,776.0   12386304.0   12386304.0       0.20%  2.477261e+07
23                 backbone.layer1.2.bn2    64 144 336    64 144 336       128.0      11.81       12,386,304.0        6,193,152.0   12386816.0   12386304.0       0.19%  2.477312e+07
24               backbone.layer1.2.conv3    64 144 336   256 144 336     16384.0      47.25    1,573,060,608.0      792,723,456.0   12386304.0   49545216.0       0.20%  6.193152e+07
25                 backbone.layer1.2.bn3   256 144 336   256 144 336       512.0      47.25       49,545,216.0       24,772,608.0   49547264.0   49545216.0       3.22%  9.909248e+07
26                backbone.layer1.2.relu   256 144 336   256 144 336         0.0      47.25       12,386,304.0       12,386,304.0   49545216.0   49545216.0       3.21%  9.909043e+07
27               backbone.layer2.0.conv1   256 144 336   128 144 336     32768.0      23.62    3,164,700,672.0    1,585,446,912.0   49676288.0   24772608.0       3.31%  7.444890e+07
28                 backbone.layer2.0.bn1   128 144 336   128 144 336       256.0      23.62       24,772,608.0       12,386,304.0   24773632.0   24772608.0       0.34%  4.954624e+07
29               backbone.layer2.0.conv2   128 144 336   128  72 168    147456.0       5.91    3,565,707,264.0    1,783,627,776.0   25362432.0    6193152.0       0.34%  3.155558e+07
30                 backbone.layer2.0.bn2   128  72 168   128  72 168       256.0       5.91        6,193,152.0        3,096,576.0    6194176.0    6193152.0       0.13%  1.238733e+07
31               backbone.layer2.0.conv3   128  72 168   512  72 168     65536.0      23.62    1,579,253,760.0      792,723,456.0    6455296.0   24772608.0       0.13%  3.122790e+07
32                 backbone.layer2.0.bn3   512  72 168   512  72 168      1024.0      23.62       24,772,608.0       12,386,304.0   24776704.0   24772608.0       0.34%  4.954931e+07
33                backbone.layer2.0.relu   512  72 168   512  72 168         0.0      23.62        6,193,152.0        6,193,152.0   24772608.0   24772608.0       1.54%  4.954522e+07
34        backbone.layer2.0.downsample.0   256 144 336   512  72 168    131072.0      23.62    3,164,700,672.0    1,585,446,912.0   50069504.0   24772608.0       3.31%  7.484211e+07
35        backbone.layer2.0.downsample.1   512  72 168   512  72 168      1024.0      23.62       24,772,608.0       12,386,304.0   24776704.0   24772608.0       1.55%  4.954931e+07
36               backbone.layer2.1.conv1   512  72 168   128  72 168     65536.0       5.91    1,583,898,624.0      792,723,456.0   25034752.0    6193152.0       0.34%  3.122790e+07
37                 backbone.layer2.1.bn1   128  72 168   128  72 168       256.0       5.91        6,193,152.0        3,096,576.0    6194176.0    6193152.0       0.13%  1.238733e+07
38               backbone.layer2.1.conv2   128  72 168   128  72 168    147456.0       5.91    3,565,707,264.0    1,783,627,776.0    6782976.0    6193152.0       0.13%  1.297613e+07
39                 backbone.layer2.1.bn2   128  72 168   128  72 168       256.0       5.91        6,193,152.0        3,096,576.0    6194176.0    6193152.0       0.12%  1.238733e+07
40               backbone.layer2.1.conv3   128  72 168   512  72 168     65536.0      23.62    1,579,253,760.0      792,723,456.0    6455296.0   24772608.0       0.13%  3.122790e+07
41                 backbone.layer2.1.bn3   512  72 168   512  72 168      1024.0      23.62       24,772,608.0       12,386,304.0   24776704.0   24772608.0       0.34%  4.954931e+07
42                backbone.layer2.1.relu   512  72 168   512  72 168         0.0      23.62        6,193,152.0        6,193,152.0   24772608.0   24772608.0       1.61%  4.954522e+07
43               backbone.layer2.2.conv1   512  72 168   128  72 168     65536.0       5.91    1,583,898,624.0      792,723,456.0   25034752.0    6193152.0       0.34%  3.122790e+07
44                 backbone.layer2.2.bn1   128  72 168   128  72 168       256.0       5.91        6,193,152.0        3,096,576.0    6194176.0    6193152.0       0.13%  1.238733e+07
45               backbone.layer2.2.conv2   128  72 168   128  72 168    147456.0       5.91    3,565,707,264.0    1,783,627,776.0    6782976.0    6193152.0       0.13%  1.297613e+07
46                 backbone.layer2.2.bn2   128  72 168   128  72 168       256.0       5.91        6,193,152.0        3,096,576.0    6194176.0    6193152.0       0.13%  1.238733e+07
47               backbone.layer2.2.conv3   128  72 168   512  72 168     65536.0      23.62    1,579,253,760.0      792,723,456.0    6455296.0   24772608.0       0.13%  3.122790e+07
48                 backbone.layer2.2.bn3   512  72 168   512  72 168      1024.0      23.62       24,772,608.0       12,386,304.0   24776704.0   24772608.0       0.34%  4.954931e+07
49                backbone.layer2.2.relu   512  72 168   512  72 168         0.0      23.62        6,193,152.0        6,193,152.0   24772608.0   24772608.0       1.54%  4.954522e+07
50               backbone.layer2.3.conv1   512  72 168   128  72 168     65536.0       5.91    1,583,898,624.0      792,723,456.0   25034752.0    6193152.0       0.34%  3.122790e+07
51                 backbone.layer2.3.bn1   128  72 168   128  72 168       256.0       5.91        6,193,152.0        3,096,576.0    6194176.0    6193152.0       0.13%  1.238733e+07
52               backbone.layer2.3.conv2   128  72 168   128  72 168    147456.0       5.91    3,565,707,264.0    1,783,627,776.0    6782976.0    6193152.0       0.13%  1.297613e+07
53                 backbone.layer2.3.bn2   128  72 168   128  72 168       256.0       5.91        6,193,152.0        3,096,576.0    6194176.0    6193152.0       0.12%  1.238733e+07
54               backbone.layer2.3.conv3   128  72 168   512  72 168     65536.0      23.62    1,579,253,760.0      792,723,456.0    6455296.0   24772608.0       0.13%  3.122790e+07
55                 backbone.layer2.3.bn3   512  72 168   512  72 168      1024.0      23.62       24,772,608.0       12,386,304.0   24776704.0   24772608.0       0.34%  4.954931e+07
56                backbone.layer2.3.relu   512  72 168   512  72 168         0.0      23.62        6,193,152.0        6,193,152.0   24772608.0   24772608.0       1.54%  4.954522e+07
57               backbone.layer3.0.conv1   512  72 168   256  72 168    131072.0      11.81    3,167,797,248.0    1,585,446,912.0   25296896.0   12386304.0       0.34%  3.768320e+07
58                 backbone.layer3.0.bn1   256  72 168   256  72 168       512.0      11.81       12,386,304.0        6,193,152.0   12388352.0   12386304.0       0.20%  2.477466e+07
59               backbone.layer3.0.conv2   256  72 168   256  36  84    589824.0       2.95    3,566,481,408.0    1,783,627,776.0   14745600.0    3096576.0       0.20%  1.784218e+07
60                 backbone.layer3.0.bn2   256  36  84   256  36  84       512.0       2.95        3,096,576.0        1,548,288.0    3098624.0    3096576.0       0.09%  6.195200e+06
61               backbone.layer3.0.conv3   256  36  84  1024  36  84    262144.0      11.81    1,582,350,336.0      792,723,456.0    4145152.0   12386304.0       0.09%  1.653146e+07
62                 backbone.layer3.0.bn3  1024  36  84  1024  36  84      2048.0      11.81       12,386,304.0        6,193,152.0   12394496.0   12386304.0       0.20%  2.478080e+07
63                backbone.layer3.0.relu  1024  36  84  1024  36  84         0.0      11.81        3,096,576.0        3,096,576.0   12386304.0   12386304.0       0.18%  2.477261e+07
64        backbone.layer3.0.downsample.0   512  72 168  1024  36  84    524288.0      11.81    3,167,797,248.0    1,585,446,912.0   26869760.0   12386304.0       1.56%  3.925606e+07
65        backbone.layer3.0.downsample.1  1024  36  84  1024  36  84      2048.0      11.81       12,386,304.0        6,193,152.0   12394496.0   12386304.0       0.20%  2.478080e+07
66               backbone.layer3.1.conv1  1024  36  84   256  36  84    262144.0       2.95    1,584,672,768.0      792,723,456.0   13434880.0    3096576.0       0.20%  1.653146e+07
67                 backbone.layer3.1.bn1   256  36  84   256  36  84       512.0       2.95        3,096,576.0        1,548,288.0    3098624.0    3096576.0       0.09%  6.195200e+06
68               backbone.layer3.1.conv2   256  36  84   256  36  84    589824.0       2.95    3,566,481,408.0    1,783,627,776.0    5455872.0    3096576.0       0.09%  8.552448e+06
69                 backbone.layer3.1.bn2   256  36  84   256  36  84       512.0       2.95        3,096,576.0        1,548,288.0    3098624.0    3096576.0       0.09%  6.195200e+06
70               backbone.layer3.1.conv3   256  36  84  1024  36  84    262144.0      11.81    1,582,350,336.0      792,723,456.0    4145152.0   12386304.0       0.09%  1.653146e+07
71                 backbone.layer3.1.bn3  1024  36  84  1024  36  84      2048.0      11.81       12,386,304.0        6,193,152.0   12394496.0   12386304.0       0.20%  2.478080e+07
72                backbone.layer3.1.relu  1024  36  84  1024  36  84         0.0      11.81        3,096,576.0        3,096,576.0   12386304.0   12386304.0       0.18%  2.477261e+07
73               backbone.layer3.2.conv1  1024  36  84   256  36  84    262144.0       2.95    1,584,672,768.0      792,723,456.0   13434880.0    3096576.0       0.20%  1.653146e+07
74                 backbone.layer3.2.bn1   256  36  84   256  36  84       512.0       2.95        3,096,576.0        1,548,288.0    3098624.0    3096576.0       0.09%  6.195200e+06
75               backbone.layer3.2.conv2   256  36  84   256  36  84    589824.0       2.95    3,566,481,408.0    1,783,627,776.0    5455872.0    3096576.0       0.09%  8.552448e+06
76                 backbone.layer3.2.bn2   256  36  84   256  36  84       512.0       2.95        3,096,576.0        1,548,288.0    3098624.0    3096576.0       0.09%  6.195200e+06
77               backbone.layer3.2.conv3   256  36  84  1024  36  84    262144.0      11.81    1,582,350,336.0      792,723,456.0    4145152.0   12386304.0       0.09%  1.653146e+07
78                 backbone.layer3.2.bn3  1024  36  84  1024  36  84      2048.0      11.81       12,386,304.0        6,193,152.0   12394496.0   12386304.0       0.20%  2.478080e+07
79                backbone.layer3.2.relu  1024  36  84  1024  36  84         0.0      11.81        3,096,576.0        3,096,576.0   12386304.0   12386304.0       0.18%  2.477261e+07
80               backbone.layer3.3.conv1  1024  36  84   256  36  84    262144.0       2.95    1,584,672,768.0      792,723,456.0   13434880.0    3096576.0       0.20%  1.653146e+07
81                 backbone.layer3.3.bn1   256  36  84   256  36  84       512.0       2.95        3,096,576.0        1,548,288.0    3098624.0    3096576.0       0.09%  6.195200e+06
82               backbone.layer3.3.conv2   256  36  84   256  36  84    589824.0       2.95    3,566,481,408.0    1,783,627,776.0    5455872.0    3096576.0       0.09%  8.552448e+06
83                 backbone.layer3.3.bn2   256  36  84   256  36  84       512.0       2.95        3,096,576.0        1,548,288.0    3098624.0    3096576.0       0.09%  6.195200e+06
84               backbone.layer3.3.conv3   256  36  84  1024  36  84    262144.0      11.81    1,582,350,336.0      792,723,456.0    4145152.0   12386304.0       0.09%  1.653146e+07
85                 backbone.layer3.3.bn3  1024  36  84  1024  36  84      2048.0      11.81       12,386,304.0        6,193,152.0   12394496.0   12386304.0       0.20%  2.478080e+07
86                backbone.layer3.3.relu  1024  36  84  1024  36  84         0.0      11.81        3,096,576.0        3,096,576.0   12386304.0   12386304.0       0.26%  2.477261e+07
87               backbone.layer3.4.conv1  1024  36  84   256  36  84    262144.0       2.95    1,584,672,768.0      792,723,456.0   13434880.0    3096576.0       0.20%  1.653146e+07
88                 backbone.layer3.4.bn1   256  36  84   256  36  84       512.0       2.95        3,096,576.0        1,548,288.0    3098624.0    3096576.0       0.09%  6.195200e+06
89               backbone.layer3.4.conv2   256  36  84   256  36  84    589824.0       2.95    3,566,481,408.0    1,783,627,776.0    5455872.0    3096576.0       0.09%  8.552448e+06
90                 backbone.layer3.4.bn2   256  36  84   256  36  84       512.0       2.95        3,096,576.0        1,548,288.0    3098624.0    3096576.0       0.09%  6.195200e+06
91               backbone.layer3.4.conv3   256  36  84  1024  36  84    262144.0      11.81    1,582,350,336.0      792,723,456.0    4145152.0   12386304.0       0.09%  1.653146e+07
92                 backbone.layer3.4.bn3  1024  36  84  1024  36  84      2048.0      11.81       12,386,304.0        6,193,152.0   12394496.0   12386304.0       0.20%  2.478080e+07
93                backbone.layer3.4.relu  1024  36  84  1024  36  84         0.0      11.81        3,096,576.0        3,096,576.0   12386304.0   12386304.0       0.18%  2.477261e+07
94               backbone.layer3.5.conv1  1024  36  84   256  36  84    262144.0       2.95    1,584,672,768.0      792,723,456.0   13434880.0    3096576.0       0.20%  1.653146e+07
95                 backbone.layer3.5.bn1   256  36  84   256  36  84       512.0       2.95        3,096,576.0        1,548,288.0    3098624.0    3096576.0       0.09%  6.195200e+06
96               backbone.layer3.5.conv2   256  36  84   256  36  84    589824.0       2.95    3,566,481,408.0    1,783,627,776.0    5455872.0    3096576.0       0.09%  8.552448e+06
97                 backbone.layer3.5.bn2   256  36  84   256  36  84       512.0       2.95        3,096,576.0        1,548,288.0    3098624.0    3096576.0       0.09%  6.195200e+06
98               backbone.layer3.5.conv3   256  36  84  1024  36  84    262144.0      11.81    1,582,350,336.0      792,723,456.0    4145152.0   12386304.0       0.09%  1.653146e+07
99                 backbone.layer3.5.bn3  1024  36  84  1024  36  84      2048.0      11.81       12,386,304.0        6,193,152.0   12394496.0   12386304.0       0.20%  2.478080e+07
100               backbone.layer3.5.relu  1024  36  84  1024  36  84         0.0      11.81        3,096,576.0        3,096,576.0   12386304.0   12386304.0       0.18%  2.477261e+07
101              backbone.layer4.0.conv1  1024  36  84   512  36  84    524288.0       5.91    3,169,345,536.0    1,585,446,912.0   14483456.0    6193152.0       0.20%  2.067661e+07
102                backbone.layer4.0.bn1   512  36  84   512  36  84      1024.0       5.91        6,193,152.0        3,096,576.0    6197248.0    6193152.0       0.13%  1.239040e+07
103              backbone.layer4.0.conv2   512  36  84   512  18  42   2359296.0       1.48    3,566,868,480.0    1,783,627,776.0   15630336.0    1548288.0       0.13%  1.717862e+07
104                backbone.layer4.0.bn2   512  18  42   512  18  42      1024.0       1.48        1,548,288.0          774,144.0    1552384.0    1548288.0       0.07%  3.100672e+06
105              backbone.layer4.0.conv3   512  18  42  2048  18  42   1048576.0       5.91    1,583,898,624.0      792,723,456.0    5742592.0    6193152.0       0.07%  1.193574e+07
106                backbone.layer4.0.bn3  2048  18  42  2048  18  42      4096.0       5.91        6,193,152.0        3,096,576.0    6209536.0    6193152.0       0.12%  1.240269e+07
107               backbone.layer4.0.relu  2048  18  42  2048  18  42         0.0       5.91        1,548,288.0        1,548,288.0    6193152.0    6193152.0       0.11%  1.238630e+07
108       backbone.layer4.0.downsample.0  1024  36  84  2048  18  42   2097152.0       5.91    3,169,345,536.0    1,585,446,912.0   20774912.0    6193152.0       0.20%  2.696806e+07
109       backbone.layer4.0.downsample.1  2048  18  42  2048  18  42      4096.0       5.91        6,193,152.0        3,096,576.0    6209536.0    6193152.0       0.12%  1.240269e+07
110              backbone.layer4.1.conv1  2048  18  42   512  18  42   1048576.0       1.48    1,585,059,840.0      792,723,456.0   10387456.0    1548288.0       0.13%  1.193574e+07
111                backbone.layer4.1.bn1   512  18  42   512  18  42      1024.0       1.48        1,548,288.0          774,144.0    1552384.0    1548288.0       0.07%  3.100672e+06
112              backbone.layer4.1.conv2   512  18  42   512  18  42   2359296.0       1.48    3,566,868,480.0    1,783,627,776.0   10985472.0    1548288.0       0.07%  1.253376e+07
113                backbone.layer4.1.bn2   512  18  42   512  18  42      1024.0       1.48        1,548,288.0          774,144.0    1552384.0    1548288.0       0.07%  3.100672e+06
114              backbone.layer4.1.conv3   512  18  42  2048  18  42   1048576.0       5.91    1,583,898,624.0      792,723,456.0    5742592.0    6193152.0       0.07%  1.193574e+07
115                backbone.layer4.1.bn3  2048  18  42  2048  18  42      4096.0       5.91        6,193,152.0        3,096,576.0    6209536.0    6193152.0       0.12%  1.240269e+07
116               backbone.layer4.1.relu  2048  18  42  2048  18  42         0.0       5.91        1,548,288.0        1,548,288.0    6193152.0    6193152.0       0.11%  1.238630e+07
117              backbone.layer4.2.conv1  2048  18  42   512  18  42   1048576.0       1.48    1,585,059,840.0      792,723,456.0   10387456.0    1548288.0       0.13%  1.193574e+07
118                backbone.layer4.2.bn1   512  18  42   512  18  42      1024.0       1.48        1,548,288.0          774,144.0    1552384.0    1548288.0       0.07%  3.100672e+06
119              backbone.layer4.2.conv2   512  18  42   512  18  42   2359296.0       1.48    3,566,868,480.0    1,783,627,776.0   10985472.0    1548288.0       0.07%  1.253376e+07
120                backbone.layer4.2.bn2   512  18  42   512  18  42      1024.0       1.48        1,548,288.0          774,144.0    1552384.0    1548288.0       0.07%  3.100672e+06
121              backbone.layer4.2.conv3   512  18  42  2048  18  42   1048576.0       5.91    1,583,898,624.0      792,723,456.0    5742592.0    6193152.0       0.07%  1.193574e+07
122                backbone.layer4.2.bn3  2048  18  42  2048  18  42      4096.0       5.91        6,193,152.0        3,096,576.0    6209536.0    6193152.0       0.12%  1.240269e+07
123               backbone.layer4.2.relu  2048  18  42  2048  18  42         0.0       5.91        1,548,288.0        1,548,288.0    6193152.0    6193152.0       0.11%  1.238630e+07
124                     backbone.avgpool  2048  18  42  2048   1   1         0.0       0.01                0.0                0.0          0.0          0.0       0.12%  0.000000e+00
125                          backbone.fc          2048             2      4098.0       0.00            8,190.0            4,096.0      24584.0          8.0       0.04%  2.459200e+04
126                    backbone.loss_fun     0   0   0     0   0   0         0.0       0.00                0.0                0.0          0.0          0.0       0.00%  0.000000e+00
127            neck.lateral_convs.0.conv   256 144 336   256 144 336     65792.0      47.25    6,341,787,648.0    3,183,280,128.0   49808384.0   49545216.0       3.29%  9.935360e+07
128            neck.lateral_convs.1.conv   512  72 168   256  72 168    131328.0      11.81    3,170,893,824.0    1,588,543,488.0   25297920.0   12386304.0       1.56%  3.768422e+07
129            neck.lateral_convs.2.conv  1024  36  84   256  36  84    262400.0       2.95    1,585,446,912.0      793,497,600.0   13435904.0    3096576.0       0.21%  1.653248e+07
130            neck.lateral_convs.3.conv  2048  18  42   256  18  42    524544.0       0.74      792,723,456.0      396,555,264.0    8291328.0     774144.0       0.14%  9.065472e+06
131                neck.fpn_convs.0.conv   256 144 336   256 144 336    590080.0      47.25   57,076,088,832.0   28,550,430,720.0   51905536.0   49545216.0       3.26%  1.014508e+08
132                neck.fpn_convs.1.conv   256  72 168   256  72 168    590080.0      11.81   14,269,022,208.0    7,137,607,680.0   14746624.0   12386304.0       0.21%  2.713293e+07
133                neck.fpn_convs.2.conv   256  36  84   256  36  84    590080.0       2.95    3,567,255,552.0    1,784,401,920.0    5456896.0    3096576.0       0.09%  8.553472e+06
134                neck.fpn_convs.3.conv   256  18  42   256  18  42    590080.0       0.74      891,813,888.0      446,100,480.0    3134464.0     774144.0       0.06%  3.908608e+06
135                    rpn_head.loss_cls     0   0   0     0   0   0         0.0       0.00                0.0                0.0          0.0          0.0       0.00%  0.000000e+00
136                   rpn_head.loss_bbox     0   0   0     0   0   0         0.0       0.00                0.0                0.0          0.0          0.0       0.00%  0.000000e+00
137                    rpn_head.rpn_conv   256   9  21   256   9  21    590080.0       0.18      222,953,472.0      111,525,120.0    2553856.0     193536.0       0.05%  2.747392e+06
138                     rpn_head.rpn_cls   256   9  21     3   9  21       771.0       0.00          290,304.0          145,719.0     196620.0       2268.0       0.05%  1.988880e+05
139                     rpn_head.rpn_reg   256   9  21    12   9  21      3084.0       0.01        1,161,216.0          582,876.0     205872.0       9072.0       0.05%  2.149440e+05
140    bbox_roi_extractor.0.roi_layers.0   256 144 336   256   7   7         0.0       0.05                0.0                0.0          0.0          0.0       0.70%  0.000000e+00
141    bbox_roi_extractor.0.roi_layers.1   256  72 168   256   7   7         0.0       0.05                0.0                0.0          0.0          0.0       0.19%  0.000000e+00
142    bbox_roi_extractor.0.roi_layers.2   256  36  84   256   7   7         0.0       0.05                0.0                0.0          0.0          0.0       0.08%  0.000000e+00
143    bbox_roi_extractor.0.roi_layers.3   256  18  42   256   7   7         0.0       0.05                0.0                0.0          0.0          0.0       0.05%  0.000000e+00
144    bbox_roi_extractor.1.roi_layers.0   256 144 336   256   7   7         0.0       0.05                0.0                0.0          0.0          0.0       3.33%  0.000000e+00
145    bbox_roi_extractor.1.roi_layers.1   256  72 168   256   7   7         0.0       0.05                0.0                0.0          0.0          0.0       0.21%  0.000000e+00
146    bbox_roi_extractor.1.roi_layers.2   256  36  84   256   7   7         0.0       0.05                0.0                0.0          0.0          0.0       0.08%  0.000000e+00
147    bbox_roi_extractor.1.roi_layers.3   256  18  42   256   7   7         0.0       0.05                0.0                0.0          0.0          0.0       0.05%  0.000000e+00
148    bbox_roi_extractor.2.roi_layers.0   256 144 336   256   7   7         0.0       0.05                0.0                0.0          0.0          0.0       3.21%  0.000000e+00
149    bbox_roi_extractor.2.roi_layers.1   256  72 168   256   7   7         0.0       0.05                0.0                0.0          0.0          0.0       0.19%  0.000000e+00
150    bbox_roi_extractor.2.roi_layers.2   256  36  84   256   7   7         0.0       0.05                0.0                0.0          0.0          0.0       0.08%  0.000000e+00
151    bbox_roi_extractor.2.roi_layers.3   256  18  42   256   7   7         0.0       0.05                0.0                0.0          0.0          0.0       0.05%  0.000000e+00
152                 bbox_head.0.loss_cls     0   0   0     0   0   0         0.0       0.00                0.0                0.0          0.0          0.0       0.00%  0.000000e+00
153                bbox_head.0.loss_bbox     0   0   0     0   0   0         0.0       0.00                0.0                0.0          0.0          0.0       0.00%  0.000000e+00
154                   bbox_head.0.fc_cls          1024            15     15375.0       0.00           30,705.0       15,360,000.0   65596000.0      60000.0       0.10%  6.565600e+07
155                   bbox_head.0.fc_reg          1024             4      4100.0       0.00            8,188.0        4,096,000.0   20496000.0      16000.0       0.10%  2.051200e+07
156             bbox_head.0.shared_convs     0   0   0     0   0   0         0.0       0.00                0.0                0.0          0.0          0.0       0.00%  0.000000e+00
157             bbox_head.0.shared_fcs.0         12544          1024  12846080.0       0.00       25,689,088.0   12,845,056,000.0 -105111552.0    4096000.0       3.27% -1.010156e+08
158             bbox_head.0.shared_fcs.1          1024          1024   1049600.0       0.00        2,096,128.0    1,048,576,000.0  -92471296.0    4096000.0       0.10% -8.837530e+07
159                bbox_head.0.cls_convs     0   0   0     0   0   0         0.0       0.00                0.0                0.0          0.0          0.0       0.00%  0.000000e+00
160                  bbox_head.0.cls_fcs     0   0   0     0   0   0         0.0       0.00                0.0                0.0          0.0          0.0       0.00%  0.000000e+00
161                bbox_head.0.reg_convs     0   0   0     0   0   0         0.0       0.00                0.0                0.0          0.0          0.0       0.00%  0.000000e+00
162                  bbox_head.0.reg_fcs     0   0   0     0   0   0         0.0       0.00                0.0                0.0          0.0          0.0       0.00%  0.000000e+00
163                     bbox_head.0.relu          1024          1024         0.0       0.00            1,024.0        1,024,000.0    4096000.0    4096000.0       0.09%  8.192000e+06
164                 bbox_head.1.loss_cls     0   0   0     0   0   0         0.0       0.00                0.0                0.0          0.0          0.0       0.00%  0.000000e+00
165                bbox_head.1.loss_bbox     0   0   0     0   0   0         0.0       0.00                0.0                0.0          0.0          0.0       0.00%  0.000000e+00
166                   bbox_head.1.fc_cls          1024            15     15375.0       0.00           30,705.0       15,360,000.0   65596000.0      60000.0       0.10%  6.565600e+07
167                   bbox_head.1.fc_reg          1024             4      4100.0       0.00            8,188.0        4,096,000.0   20496000.0      16000.0       0.10%  2.051200e+07
168             bbox_head.1.shared_convs     0   0   0     0   0   0         0.0       0.00                0.0                0.0          0.0          0.0       0.00%  0.000000e+00
169             bbox_head.1.shared_fcs.0         12544          1024  12846080.0       0.00       25,689,088.0   12,845,056,000.0 -105111552.0    4096000.0       3.34% -1.010156e+08
170             bbox_head.1.shared_fcs.1          1024          1024   1049600.0       0.00        2,096,128.0    1,048,576,000.0  -92471296.0    4096000.0       0.10% -8.837530e+07
171                bbox_head.1.cls_convs     0   0   0     0   0   0         0.0       0.00                0.0                0.0          0.0          0.0       0.00%  0.000000e+00
172                  bbox_head.1.cls_fcs     0   0   0     0   0   0         0.0       0.00                0.0                0.0          0.0          0.0       0.00%  0.000000e+00
173                bbox_head.1.reg_convs     0   0   0     0   0   0         0.0       0.00                0.0                0.0          0.0          0.0       0.00%  0.000000e+00
174                  bbox_head.1.reg_fcs     0   0   0     0   0   0         0.0       0.00                0.0                0.0          0.0          0.0       0.00%  0.000000e+00
175                     bbox_head.1.relu          1024          1024         0.0       0.00            1,024.0        1,024,000.0    4096000.0    4096000.0       0.09%  8.192000e+06
176                 bbox_head.2.loss_cls     0   0   0     0   0   0         0.0       0.00                0.0                0.0          0.0          0.0       0.00%  0.000000e+00
177                bbox_head.2.loss_bbox     0   0   0     0   0   0         0.0       0.00                0.0                0.0          0.0          0.0       0.00%  0.000000e+00
178                   bbox_head.2.fc_cls          1024            15     15375.0       0.00           30,705.0       15,360,000.0   65596000.0      60000.0       0.10%  6.565600e+07
179                   bbox_head.2.fc_reg          1024             4      4100.0       0.00            8,188.0        4,096,000.0   20496000.0      16000.0       0.10%  2.051200e+07
180             bbox_head.2.shared_convs     0   0   0     0   0   0         0.0       0.00                0.0                0.0          0.0          0.0       0.00%  0.000000e+00
181             bbox_head.2.shared_fcs.0         12544          1024  12846080.0       0.00       25,689,088.0   12,845,056,000.0 -105111552.0    4096000.0       3.26% -1.010156e+08
182             bbox_head.2.shared_fcs.1          1024          1024   1049600.0       0.00        2,096,128.0    1,048,576,000.0  -92471296.0    4096000.0       0.10% -8.837530e+07
183                bbox_head.2.cls_convs     0   0   0     0   0   0         0.0       0.00                0.0                0.0          0.0          0.0       0.00%  0.000000e+00
184                  bbox_head.2.cls_fcs     0   0   0     0   0   0         0.0       0.00                0.0                0.0          0.0          0.0       0.00%  0.000000e+00
185                bbox_head.2.reg_convs     0   0   0     0   0   0         0.0       0.00                0.0                0.0          0.0          0.0       0.00%  0.000000e+00
186                  bbox_head.2.reg_fcs     0   0   0     0   0   0         0.0       0.00                0.0                0.0          0.0          0.0       0.00%  0.000000e+00
187                     bbox_head.2.relu          1024          1024         0.0       0.00            1,024.0        1,024,000.0    4096000.0    4096000.0       0.08%  8.192000e+06
total                                                                 69195914.0    1818.46  214,757,001,669.0  149,246,558,995.0    4096000.0    4096000.0     100.00%  3.672883e+09
=====================================================================================================================================================================================
Total params: 69,195,914
-------------------------------------------------------------------------------------------------------------------------------------------------------------------------------------
Total memory: 1818.46MB
Total MAdd: 214.76GMAdd
Total Flops: 149.25GFlops
Total MemR+W: 3.42GB


Process finished with exit code 0
